DPP0,DPP1,DPP2,DPP3,DPP4,DPP5,areap
0.0,0.0,0.8355450236966825,0.002369668246445498,0.13380726698262244,0.028278041074249607,1100015001001
0.0,0.0,0.47729450086223413,0.11228204636903621,0.2851120904387814,0.12531136232994827,1100023003001
0.0,0.0,0.7963750279704632,0.04497650481091967,0.11926605504587157,0.03938241217274558,1100023003002
0.0,0.0,0.809579744192117,0.05220569042025581,0.11837640302793004,0.019838162359697206,1100023003003
0.0,0.0,0.6886981065506292,0.10114077384452547,0.17017523227096318,0.039985887333882156,1100023003004
0.0,0.0,0.8806451612903226,0.0005376344086021505,0.1,0.01881720430107527,1100031001001
0.0,0.0,0.8866219761002623,0.0,0.10550859807636258,0.007869425823375109,1100049003001
0.0,0.0,0.8076142131979696,0.03282571912013536,0.1284263959390863,0.0311336717428088,1100049003002
0.0,0.0,0.5955636584624734,0.08416894560923731,0.23989668793679733,0.08037070799149194,1100049003003
0.0,0.0,0.7361169689301279,0.028398706593561085,0.17798397300716998,0.05750035146914101,1100049003004
0.0,0.0,0.8037949921752738,0.004107981220657277,0.15610328638497653,0.03599374021909233,1100056001001
0.0,0.0,0.8388724551940143,0.001392030624673743,0.12998085957891073,0.029754654602401252,1100064001001
0.0,0.0,0.902229845626072,0.0,0.08619210977701544,0.011578044596912522,1100072001001
0.0,0.0,0.8471901462663587,0.0,0.1308698999230177,0.021939953810623556,1100080001001
0.0,0.0,0.838019955941428,0.004405857198393158,0.128288194894389,0.029285991965789814,1100098003001
0.0,0.0,0.6376885706980312,0.013040143185885963,0.25031961135259523,0.0989516747634876,1100106003001
0.0,0.0,0.7458302215583769,0.027134677620114515,0.18770226537216828,0.039332835449340305,1100106003002
0.0,0.0,0.8379316328301232,0.01006420267221933,0.12753774076002083,0.024466423737636647,1100114003001
0.0,0.0,0.7963061812746878,0.022525888758407175,0.1460446247464503,0.03512330522045479,1100114003002
0.0,0.0,0.612353838332486,0.07447890188103712,0.19395017793594305,0.11921708185053381,1100122003001
0.0,0.0,0.68724009630116,0.05778069599474721,0.1943532501641497,0.06062595753994309,1100122003002
0.0,0.0,0.7459516298633018,0.035751840168243953,0.17055730809674027,0.047739221871713984,1100122003003
0.0,0.0,0.8281083386649606,0.01876732778844103,0.12710599274898698,0.026018340797611433,1100122003004
0.0,0.0,0.8435828877005348,0.015300059417706477,0.11942959001782531,0.021687462863933454,1100122003005
0.0,0.0,0.6131916684199453,0.09036398064380391,0.2187039764359352,0.0777403745003156,1100122003006
0.0,0.0,0.8509216589861751,0.02165898617511521,0.10714285714285714,0.020276497695852536,1100130003001
0.0,0.0,0.9255795038633591,0.0008133387555917039,0.06425376169174461,0.009353395689304595,1100130003002
0.0,0.0,0.8884735202492212,0.00020768431983385254,0.09615784008307372,0.015160955347871236,1100148001001
0.0,0.0,0.7769267592149354,0.005983724269985639,0.17017711823839157,0.04691239827668741,1100155003001
0.0,0.0,0.7722702166831894,0.010621724968134825,0.17617901147146298,0.04092904687721286,1100155003002
0.0,0.0,0.7172891970476404,0.02415566987251174,0.1966003131290539,0.06195481995079401,1100189003001
0.0,0.0,0.8169659915934276,0.013565150936186474,0.13565150936186474,0.03381734810852121,1100189003002
0.0,0.0,0.6935404339250493,0.09985207100591716,0.17455621301775148,0.03205128205128205,1100205004001
0.0,0.0,0.8490178833186749,0.016124303723248315,0.11844034007622398,0.01641747288185283,1100205004002
0.0,0.0,0.9113124656781988,0.029928610653487096,0.05354200988467875,0.005216913783635365,1100205004003
0.0,0.0,0.6201382886776146,0.12510803802938633,0.21002592912705273,0.044727744165946416,1100205004004
0.053136531365313655,0.07084870848708487,0.6219557195571955,0.06586715867158671,0.1540590405904059,0.03413284132841329,1100205004005
0.14519572953736654,0.11334519572953737,0.5060498220640569,0.08309608540925267,0.13309608540925266,0.019217081850533807,1100205004006
0.0894402769763416,0.038084246970571264,0.41604154645124064,0.05962685131756107,0.2762069628774764,0.120600115406809,1100205004007
0.13883677298311445,0.19815269158608745,0.4511473517102035,0.07129455909943715,0.1209409727233367,0.019627651897820755,1100205004008
0.09194147193710417,0.0021838829438742082,0.4666957851059183,0.07512557326927277,0.257916575671544,0.10613671107228652,1100205004009
0.17401918047079337,0.07061900610287707,0.379947689625109,0.13304272013949434,0.17367044463818657,0.06870095902353966,1100205004010
0.07946127946127945,0.0904040404040404,0.4762626262626263,0.1345117845117845,0.17356902356902357,0.04579124579124579,1100205004011
0.13869444896630312,0.04492918769330946,0.6345433827120299,0.04134787563079929,0.1211134624776168,0.019371642519941397,1100205004012
0.04696899583526145,0.004858861638130495,0.6790837575196669,0.06362795002313744,0.14807959278111985,0.05738084220268394,1100205004013
0.0,0.0,0.28890202453081126,0.15634697798138023,0.3695877050391606,0.18516329244864785,1100205004014
0.0,0.0,0.3826254826254826,0.24845559845559845,0.25096525096525096,0.11795366795366795,1100205004015
0.0059933407325194225,0.025305216426193117,0.3165371809100999,0.29966703662597116,0.21975582685904552,0.13274139844617092,1100205004016
0.0,0.0,0.30149181905678535,0.29162656400384984,0.2593840230991338,0.14749759384023098,1100205004017
0.1814756671899529,0.04270015698587127,0.38628990057561485,0.09712192569335426,0.1772893772893773,0.1151229722658294,1100205004018
0.03986254295532646,0.0018327605956471936,0.35555555555555557,0.1663230240549828,0.2643757159221077,0.1720504009163803,1100205004019
0.0,0.0,0.8776445698166432,0.028208744710860368,0.0768688293370945,0.017277856135401976,1100205004020
0.0,0.0,0.5298337917015425,0.1645342580413727,0.24488819801506637,0.06074375224201842,1100205004021
0.03732184968727571,0.04470419358146211,0.6501589254588331,0.07505382959089511,0.15892545883317954,0.033835742848354354,1100205004022
0.0,0.0,0.8343120139660372,0.0022218695445167433,0.13362958260593558,0.029836533883510555,1100254001001
0.0,0.0,0.895096921322691,0.0,0.09122006841505131,0.013683010262257697,1100262001001
0.0,0.0,0.8484895914853655,0.009234622006573798,0.11989356706839881,0.02238221943966192,1100288003001
0.0,0.0,0.7546348000893456,0.03182935001116819,0.16685280321643958,0.04668304668304668,1100288003002
0.0,0.0,0.862095531587057,0.0011556240369799693,0.11440677966101695,0.02234206471494607,1100296001001
0.0,0.0,0.7178507194244604,0.06272482014388489,0.18120503597122303,0.03821942446043165,1100304003001
0.0,0.0,0.8252876603623859,0.039809549001454836,0.12088348102102897,0.014019309615130274,1100304003002
0.0,0.0,0.5815345546889171,0.07137674587339017,0.24904770542354435,0.09804099401414838,1100304003003
0.0,0.0,0.8841544607190412,0.006657789613848202,0.09663306068099677,0.012554688986113753,1100320001001
0.0,0.0,0.8639751552795031,0.007039337474120083,0.11159420289855072,0.017391304347826087,1100338001001
0.0,0.0,0.8792818332152138,0.001417434443656981,0.10701630049610206,0.012284431845027168,1100346001001
0.0,0.0,0.8997848140178297,0.0,0.09007070396557024,0.010144482016600061,1100379001001
0.0,0.0,0.8707243460764588,0.008048289738430584,0.10437625754527163,0.016851106639839034,1100403001001
0.0,0.0,0.8648215002005616,0.02045728038507822,0.09747292418772563,0.017248295226634576,1100452003001
0.0,0.0,0.9169169169169169,0.005005005005005005,0.07007007007007007,0.008008008008008008,1100452003002
0.0,0.0,0.9140679140679141,0.0010395010395010396,0.07796257796257797,0.00693000693000693,1100502001001
0.0,0.0,0.8699186991869918,0.0,0.10790835181079084,0.022172949002217297,1100601001001
0.0,0.0,0.9207766990291262,0.0031067961165048546,0.069126213592233,0.006990291262135922,1100700001001
0.0,0.0,0.7821522309711286,0.05708661417322835,0.1373578302712161,0.023403324584426947,1100809001001
0.0,0.0,0.9023904382470119,0.0,0.08565737051792828,0.01195219123505976,1100908001001
0.0,0.0,0.8888888888888888,0.007374631268436578,0.09095378564405113,0.012782694198623401,1100924001001
0.0,0.0,0.903235843186061,0.0021779713752333543,0.08525202240199128,0.009334163036714374,1100940001001
0.0,0.0,0.9027545909849749,0.001669449081803005,0.08764607679465776,0.007929883138564273,1101005001001
0.0,0.0,0.8570714642678661,0.009995002498750625,0.1184407796101949,0.014492753623188406,1101104001001
0.0,0.0,0.9010015408320493,0.002696456086286595,0.08320493066255778,0.013097072419106317,1101203001001
0.0,0.0,0.8809523809523809,0.000992063492063492,0.10813492063492064,0.00992063492063492,1101302001001
0.0,0.0,0.8544787526750229,0.012534393151941303,0.11250382146132681,0.020483032711708957,1101401001001
0.0,0.0,0.8750761730652041,0.0,0.11395490554539915,0.010968921389396709,1101435001001
0.0,0.0,0.9102112676056338,0.0,0.07834507042253522,0.011443661971830986,1101450001001
0.0,0.0,0.8594771241830066,0.0,0.12418300653594772,0.016339869281045753,1101468001001
0.0,0.0,0.8773584905660378,0.0,0.1069182389937107,0.015723270440251572,1101476001001
0.0,0.0,0.9013195639701663,0.0,0.08720596672403902,0.011474469305794608,1101484001001
0.0,0.0,0.8758494511238892,0.0018295870360690017,0.1079456351280711,0.014375326711970726,1101492001001
0.0,0.0,0.8980013783597519,0.002412129565816678,0.08890420399724328,0.010682288077188146,1101500001001
0.0,0.0,0.8722927557879014,0.0007468259895444362,0.11874533233756535,0.008215085884988798,1101559001001
0.0,0.0,0.8986175115207373,0.00041893590280687055,0.08923334729786343,0.011730205278592375,1101609001001
0.0,0.0,0.8852362782506604,0.0017610801291458762,0.10390372761960669,0.009098914000587027,1101708001001
0.0,0.0,0.9186528497409326,0.0,0.07564766839378238,0.005699481865284974,1101757001001
0.0,0.0,0.8851815505397449,0.002944062806673209,0.10304219823356231,0.008832188420019628,1101807001001
0.0,0.0,0.8779015784586816,0.002785515320334262,0.10399257195914577,0.01532033426183844,1200013001001
0.0,0.0,0.8297297297297297,0.0,0.14054054054054055,0.02972972972972973,1200054001001
0.0,0.0,0.7966015724067969,0.03702764392594471,0.13745878772508244,0.028911995942176007,1200104001001
0.0,0.0,0.8572649572649572,0.005982905982905983,0.11794871794871795,0.018803418803418803,1200138001001
0.0,0.0,0.8481848184818482,0.020627062706270627,0.10726072607260725,0.02392739273927393,1200179001001
0.12436480342337523,0.008023535704733886,0.6017651778550415,0.04386199518587858,0.16555228670767586,0.056432201123295,1200203003001
0.0,0.0,0.7253133934462282,0.016494391906751706,0.19485374972509348,0.06333846492192655,1200203003002
0.09203681472589036,0.007603041216486595,0.7310924369747899,0.006802721088435374,0.13925570228091236,0.023209283713485393,1200203003003
0.0,0.0,0.7987704918032786,0.046311475409836066,0.12991803278688524,0.025,1200252001001
0.0,0.0,0.775875486381323,0.013618677042801557,0.154863813229572,0.0556420233463035,1200302001001
0.0,0.0,0.91324200913242,0.0136986301369863,0.0684931506849315,0.0045662100456621,1200328001001
0.0,0.0,0.8371308016877637,0.0,0.13333333333333333,0.029535864978902954,1200336001001
0.0,0.0,0.8793363499245852,0.006033182503770739,0.0889894419306184,0.02564102564102564,1200344001001
0.0,0.0,0.9423076923076923,0.0,0.052884615384615384,0.004807692307692308,1200351001001
0.0,0.0,0.8459441036128152,0.004771642808452625,0.125426039536469,0.023858214042263123,1200385001001
0.0,0.0,0.9226277372262773,0.00145985401459854,0.07153284671532846,0.004379562043795621,1200393001001
0.33557470056734606,0.10096658961966799,0.3986131540239546,0.06839672200042025,0.0769069132170624,0.019541920571548646,1200401005001
0.08950099800399201,0.0948502994011976,0.32838323353293414,0.11353293413173653,0.21333333333333335,0.16039920159680637,1200401005002
0.0,0.0,0.7285525394726609,0.06206735630395893,0.16232402582250913,0.04705607840087112,1200401005003
0.0,0.0,0.4916956607365588,0.14855904943215387,0.2596336900150988,0.10011159981618854,1200401005004
0.0,0.0,0.5887973640856672,0.10485996705107084,0.22125205930807249,0.08509060955518946,1200401005005
0.09137730520019936,0.08323641800963615,0.6214487456388105,0.06479481641468683,0.11845821565044028,0.020684499086226948,1200401005006
0.04543537845245625,0.024246257642842082,0.698292220113852,0.0718954248366013,0.1325110689437065,0.02761965001054185,1200401005007
0.0,0.0,0.8734428086070215,0.009909399773499434,0.09541336353340883,0.021234428086070217,1200401005008
0.0,0.0,0.9069286452947259,0.002068252326783868,0.07859358841778696,0.012409513960703205,1200427001001
0.0,0.0,0.8732394366197183,0.0,0.10915492957746478,0.017605633802816902,1200435001001
0.0,0.0,0.8062173155142359,0.03312027890761186,0.12173155142359093,0.0389308541545613,1200450001001
0.0,0.0,0.7610759493670886,0.04226943942133816,0.15641952983725135,0.04023508137432188,1200500003001
0.0,0.0,0.7473170731707317,0.012195121951219513,0.17512195121951218,0.06536585365853659,1200609001001
0.0,0.0,0.8418145956607495,0.009072978303747535,0.11518737672583826,0.033925049309664695,1200708001001
0.0,0.0,0.8773159739609414,0.0015022533800701052,0.10065097646469705,0.020530796194291438,1200807001001
0.0,0.0,0.8968058968058968,0.000819000819000819,0.08845208845208845,0.013923013923013924,1300029001001
0.35,0.018518518518518517,0.5101851851851852,0.01574074074074074,0.09444444444444444,0.011111111111111112,1300060001001
0.0,0.0,0.8436308161708619,0.0007627765064836003,0.14187643020594964,0.013729977116704805,1300086001001
0.12866015971606035,0.006654835847382431,0.6952085181898846,0.005767524401064774,0.13087843833185447,0.032830523513753325,1300102001001
0.0,0.0,0.9032163742690058,0.010818713450292398,0.07426900584795322,0.011695906432748537,1300144001001
0.0,0.0,0.8626543209876543,0.013888888888888888,0.10185185185185185,0.021604938271604937,1300201001001
0.0,0.0,0.849654071314529,0.007184672698243746,0.11601915912719532,0.027142096860031932,1300300001001
0.09407216494845361,0.02104810996563574,0.7066151202749141,0.01718213058419244,0.12886597938144329,0.03221649484536082,1300409001001
0.051817801922273296,0.0,0.8483075637275387,0.0008357709987463436,0.08483075637275386,0.014208106978687839,1300508001001
0.27224258580473176,0.06564478507164279,0.5334888370543153,0.00433188937020993,0.0943018993668777,0.02999000333222259,1300607001001
0.0,0.0,0.8314465408805032,0.0025157232704402514,0.1459119496855346,0.02012578616352201,1300631001001
0.0,0.0,0.9,0.0034482758620689655,0.08620689655172414,0.010344827586206896,1300680001001
0.23473389355742297,0.012605042016806723,0.6417366946778712,0.0025210084033613447,0.07983193277310924,0.02857142857142857,1300706001001
0.0,0.0,0.8596176821983273,0.0047789725209080045,0.10931899641577061,0.026284348864994027,1300805001001
0.0,0.0,0.8426395939086294,0.0007251631617113851,0.1319796954314721,0.024655547498187092,1300839001001
0.0,0.0,0.905373831775701,0.0,0.08294392523364486,0.011682242990654205,1300904001001
0.1977077363896848,0.014735980352026197,0.6107245190339746,0.002046663937781416,0.14040114613180515,0.034383954154727794,1301001001001
0.0,0.0,0.8890503875968992,0.01744186046511628,0.07848837209302326,0.015019379844961241,1301100001001
0.0,0.0,0.9179571663920922,0.0032948929159802307,0.0672158154859967,0.011532125205930808,1301159001001
0.19428986208565208,0.03338978949915316,0.6757803048632954,0.007016694894749577,0.06968303895475442,0.019840309702395354,1301209003001
0.01632068718682892,0.012025769506084466,0.6937723693629205,0.04194702934860415,0.18697208303507515,0.048962061560486755,1301209003002
0.04967401428127911,0.02825209562247749,0.7581496429680223,0.012108040981061783,0.1272896615957777,0.02452654455138156,1301308001001
0.2889963724304716,0.020556227327690448,0.5348649738008867,0.009673518742442563,0.11326078194276501,0.032648125755743655,1301407001001
0.10673665791776028,0.0008748906386701663,0.7436570428696413,0.0008748906386701663,0.10236220472440945,0.045494313210848646,1301506001001
0.0,0.0,0.8397350993377484,0.013686534216335542,0.12141280353200883,0.025165562913907286,1301605001001
0.15469613259668508,0.004419889502762431,0.7071823204419889,0.0011049723756906078,0.10718232044198896,0.02541436464088398,1301654001001
0.0,0.0,0.7384654601070609,0.04664797348967627,0.18047412694366557,0.034412439459597245,1301704003001
0.0,0.0,0.8404547236377891,0.024696197569580556,0.11485691885535085,0.0199921599372795,1301704003002
0.32597623089983024,0.015280135823429542,0.5551782682512734,0.0,0.0831918505942275,0.02037351443123939,1301803001001
0.23818615751789976,0.005250596658711217,0.6291169451073986,0.007159904534606206,0.10334128878281623,0.01694510739856802,1301852003001
0.32085561497326204,0.08038101604278075,0.48211898395721925,0.016544117647058824,0.07904411764705882,0.021056149732620322,1301852003002
0.0,0.0,0.906531091122409,0.001564333202972233,0.07704341024638248,0.014861165428236215,1301902003001
0.0,0.0,0.874867892623124,0.008454872120059184,0.09723102938068062,0.019446205876136123,1301902003002
0.021610225326129925,0.007379101330873633,0.698511002767163,0.04150744498616418,0.18131506127289498,0.049677164316774276,1301902003003
0.0,0.0,0.8888888888888888,0.0,0.082010582010582,0.0291005291005291,1301951001001
0.0,0.0,0.889315910837817,0.0030745580322828594,0.0830130668716372,0.024596464258262875,1302009001001
0.0,0.0,0.8024193548387096,0.0020161290322580645,0.16532258064516128,0.03024193548387097,1302108001001
0.0,0.0,0.8695318495778972,0.0061396776669224865,0.10667689946277821,0.017651573292402148,1302207001001
0.0,0.0,0.8294701986754967,0.009933774834437087,0.11423841059602649,0.046357615894039736,1302306001001
0.1471861471861472,0.025974025974025976,0.7032664305391578,0.010035419126328217,0.09208972845336481,0.021448248720975994,1302405003001
0.0,0.0,0.6749020789394395,0.06266947875866224,0.2081952395299789,0.05423320277191925,1302504003001
0.0622876557191393,0.039920724801812,0.7692525481313703,0.01245753114382786,0.0928652321630804,0.0232163080407701,1302504003002
0.025941719971570718,0.005863539445628998,0.6808813077469794,0.05792466240227434,0.17945984363894812,0.049928926794598434,1302504003003
0.0,0.0,0.8939333065488148,0.0004017677782241864,0.0920048212133387,0.013660104459622338,1302553001001
0.19859464207290295,0.1484409310496267,0.4955643390425999,0.04760649978041282,0.09240228370663153,0.017391304347826087,1302603005001
0.045077105575326216,0.003102472853362533,0.7681357788119354,0.026006022447303587,0.1289351218176841,0.028743498494388176,1302603005002
0.05838787461246986,0.05597657595590768,0.6420082673096796,0.06234929383396486,0.14252497416465726,0.0387530141233207,1302603005003
0.017852327274688527,0.018715279650504287,0.6488862520899628,0.07291947575643169,0.1931934631357532,0.048433202092659514,1302603005004
0.0,0.0,0.5531639324040952,0.14765017885777723,0.22018009127914148,0.07900579745898606,1302603005005
0.23905447803764973,0.18347119224187108,0.45193953223046207,0.030305191100969766,0.08071876782658301,0.014510838562464348,1302603005006
0.013408429069730231,0.0178885724343179,0.6101315242087747,0.04710550737623604,0.23773560753944126,0.07373035937149988,1302603005007
0.0,0.0,0.306607574536664,0.072522159548751,0.271071716357776,0.349798549556809,1302603005008
0.0,0.0,0.749468124128824,0.0644120020541413,0.1553077543833908,0.0308121194336439,1302603005009
0.024413225972246017,0.02578379304437211,0.5623608017817372,0.09491176974473188,0.21886242933013533,0.07366798012677746,1302603005010
0.0,0.0,0.4232839203096969,0.1939382494570862,0.2505901236899254,0.13218770654329148,1302603005011
0.03234639739859661,0.08873866164641452,0.30694848536710595,0.10140338867020367,0.2564607222317303,0.214102344685949,1302603005012
0.11294526498696786,0.06180960655330768,0.5300359935459849,0.0629887054735013,0.16594265855777585,0.06627777088246245,1302603005013
0.024810626852563397,0.016686793281370075,0.5461631353606323,0.1041826764738171,0.21835547260950708,0.08980129542211,1302603005014
0.0,0.0,0.4027116159765482,0.09701355807988274,0.2879259802125321,0.21234884573103702,1302603005015
0.0,0.0,0.6033308720977931,0.0930347034211174,0.22224956928378045,0.08138485519730905,1302603005016
0.02504728980497032,0.037505707390255036,0.6107233709477529,0.06972800208727414,0.18720240036527297,0.06979322940447459,1302603005017
0.009136523627649218,0.015726802965625702,0.5431738186175391,0.09144012581442372,0.2332060211188497,0.10731670785591253,1302603005018
0.05937012342176195,0.04036033479926231,0.5610015605050361,0.09143140871045538,0.1903106823662931,0.05752589019719109,1302603005019
0.02036931277365315,0.007900247477631829,0.6332571863696935,0.10051399200456881,0.16628593184846754,0.07167332952598515,1302603005020
0.01397163120567376,0.04851063829787234,0.3802127659574468,0.16163120567375885,0.21843971631205675,0.1772340425531915,1302603005021
0.008167642933751341,0.0184803234056596,0.24568929956274235,0.0931441300222754,0.3408959656793994,0.2936226383961719,1302603005022
0.1114460668864814,0.03165332077249176,0.6590673575129534,0.05793688177107866,0.1197362223268959,0.020160150730098917,1302603005023
0.0,0.0,0.7156218402426694,0.0692618806875632,0.1755561172901921,0.03956016177957533,1302603005024
0.16690071619154614,0.09556242100828535,0.5847493329588541,0.04458643448953799,0.0902963066984974,0.017904788653279033,1302603005025
0.2049143116558847,0.193337873113154,0.48178413346952675,0.013278855975485188,0.0780274656679151,0.028657360118034277,1302603005026
0.0028190671450538185,0.010699641209636084,0.6707457713992824,0.0745130702203998,0.19169656586365966,0.04952588416196822,1302603005027
0.15583760005769093,0.10845893127569049,0.5683997980817769,0.044926804644119134,0.10333886204658542,0.01903800389413716,1302603005028
0.22733273485768601,0.14883561282146063,0.4964619527908328,0.02840999102286529,0.08486032634525004,0.014099382161905264,1302603005029
0.043728713787158896,0.029727116007232057,0.6462178867258126,0.03796829668250431,0.1970314930832948,0.04532649371399739,1302603005030
0.013084804345142574,0.017713862486112824,0.7945932600913468,0.008147142328107641,0.14269843229230958,0.02376249845698062,1302603005031
0.32275459688826025,0.1471004243281471,0.426228783592645,0.017901343705799152,0.07403642149929279,0.01197842998585573,1302603005032
0.026882914907798268,0.037547211730726504,0.5569873361475228,0.06965118862475006,0.22295045545434347,0.08598089313485892,1302603005033
0.0,0.0,0.8742275536168665,0.0014540167211922936,0.10505270810614321,0.019265721555797893,1302702003001
0.0,0.0,0.7894324853228962,0.02426614481409002,0.1506849315068493,0.03561643835616438,1302702003002
0.0,0.0,0.8615528531337698,0.011225444340505144,0.1019644527595884,0.025257249766136577,1302801001001
0.0,0.0,0.8167662116040956,0.0063993174061433445,0.14014505119453924,0.03668941979522184,1302900003001
0.0,0.0,0.8175809649702578,0.01520158625247852,0.13218770654329148,0.03502974223397224,1303007001001
0.0,0.0,0.828125,0.009375,0.12946428571428573,0.033035714285714286,1303106001001
0.06345419847328244,0.01717557251908397,0.7428435114503816,0.014790076335877863,0.1297709923664122,0.03196564885496183,1303205001001
0.0,0.0,0.8141210374639769,0.0004803073967339097,0.15321805955811718,0.03218059558117195,1303304001001
0.10299869621903521,0.010691003911342895,0.6114732724902217,0.006779661016949152,0.18357235984354628,0.08448500651890482,1303403003001
0.19090562682586054,0.01511494982852788,0.5874507811507684,0.007239933951479741,0.13527245014606884,0.06401625809729455,1303403003002
0.0012598425196850393,0.00031496062992125983,0.8651968503937008,0.001889763779527559,0.09637795275590551,0.03496062992125984,1303403003003
0.0,0.0,0.8994565217391305,0.0,0.08423913043478261,0.016304347826086956,1303502001001
0.0,0.0,0.7485315129385617,0.06731227178917289,0.1362120971582791,0.04794411811398635,1303536001001
0.0,0.0,0.8301523038365144,0.02120686331212647,0.11702332754964334,0.03161750530171583,1303569001001
0.0,0.0,0.857,0.014,0.115,0.014,1303601001001
0.4759284731774415,0.016506189821182942,0.42090784044016505,0.0032095369096744614,0.06556625401192114,0.017881705639614855,1303700001001
0.0,0.0,0.7546941247728649,0.06571774682010903,0.14142943670502725,0.03815869170199879,1303809001001
0.0,0.0,0.8321234119782214,0.006352087114337568,0.11887477313974591,0.0426497277676951,1303908001001
0.0,0.0,0.8429378531073446,0.0,0.13333333333333333,0.023728813559322035,1303957001001
0.0,0.0,0.856093979441997,0.0014684287812041115,0.12041116005873716,0.022026431718061675,1304005001001
0.05684007707129094,0.002569043031470777,0.6099871547848427,0.13182402055234424,0.15687219010918432,0.04190751445086705,1304062003001
0.0,0.0,0.8383284086112284,0.0016884761502743773,0.13634444913465596,0.023638666103841282,1304104001001
0.25836477987421386,0.041257861635220126,0.5079245283018868,0.04779874213836478,0.11446540880503145,0.03018867924528302,1304203003001
0.05195948921180097,0.04953764861294584,0.6301188903566711,0.03896961690885073,0.15808014090708938,0.071334214002642,1304203003002
0.24060751398880895,0.060751398880895285,0.592326139088729,0.003996802557953637,0.08553157474020784,0.016786570743405275,1304237001001
0.0,0.0,0.8725925925925926,0.0014814814814814814,0.10074074074074074,0.025185185185185185,1304260001001
0.0,0.0,0.8706422018348624,0.0013761467889908258,0.10091743119266056,0.02706422018348624,1304302001001
0.0,0.0,0.845475910693302,0.0011750881316098707,0.13219741480611047,0.021151586368977675,1304401001001
0.0,0.0,0.7891156462585034,0.0022675736961451248,0.16099773242630386,0.047619047619047616,1400027001001
0.0,0.0,0.8251422659079152,0.006725297465080186,0.14433523021210554,0.02379720641489912,1400050001001
0.0,0.0,0.8261939931068439,0.025603151157065487,0.1258000984736583,0.0224027572624323,1400100005001
0.0,0.0,0.8459935593862474,0.02386815684788786,0.11668876681189619,0.013449516953968555,1400100005002
0.0,0.0,0.699213533165158,0.06529158628876688,0.197803828461196,0.037691052084879065,1400100005003
0.04287425149700599,0.0,0.8016766467065868,0.026347305389221556,0.1125748502994012,0.01652694610778443,1400100005004
0.0,0.0,0.5690247252747253,0.11486950549450549,0.2532623626373626,0.06284340659340659,1400100005005
0.0,0.0,0.4138162307176392,0.1634249944109099,0.2942097026604069,0.12854907221104403,1400100005006
0.0,0.0,0.7649415157827272,0.05576029482454735,0.15286011857074186,0.026438070821983656,1400100005007
0.0,0.0,0.7894613583138174,0.05620608899297424,0.1351288056206089,0.01920374707259953,1400100005008
0.0,0.0,0.5703703703703704,0.12205387205387205,0.24545454545454545,0.06212121212121212,1400100005009
0.0,0.0,0.6310624646159653,0.09341385167012643,0.23249669749009247,0.043026986223815816,1400100005010
0.022727272727272728,0.0011961722488038277,0.48564593301435405,0.18277511961722487,0.22799043062200958,0.07966507177033492,1400100005011
0.0,0.0,0.3766656795972757,0.14361859638732602,0.2971572401539828,0.18255848386141546,1400100005012
0.0,0.0,0.4738297452103496,0.1459608927513332,0.26269010468101917,0.11751925735729804,1400100005013
0.0,0.0,0.34368836291913213,0.0623767258382643,0.2980769230769231,0.2958579881656805,1400100005014
0.0,0.0,0.8357519788918206,0.0079155672823219,0.12401055408970976,0.032321899736147755,1400159001001
0.0,0.0,0.8314773570898293,0.0011135857461024498,0.1317743132887899,0.035634743875278395,1400175001001
0.0,0.0,0.8288920056100981,0.005890603085553997,0.12931276297335204,0.035904628330995794,1400209001001
0.0,0.0,0.8569612205975843,0.01589319771137953,0.11443102352193261,0.012714558169103624,1400233001001
0.0,0.0,0.835820895522388,0.0,0.14303482587064675,0.021144278606965175,1400282001001
0.0,0.0,0.8282896973818429,0.007140428425705543,0.13906834410064603,0.02550153009180551,1400308001001
0.0,0.0,0.8538732394366197,0.0,0.1311619718309859,0.014964788732394365,1400407001001
0.0,0.0,0.7272727272727273,0.1010854816824966,0.13975576662143827,0.03188602442333786,1400456001001
0.0,0.0,0.854230377166157,0.015545361875637105,0.10881753312945973,0.021406727828746176,1400472001001
0.0,0.0,0.8464260438782731,0.0028308563340410475,0.13305024769992924,0.017692852087756547,1400506001001
0.0,0.0,0.7978580990629184,0.009370816599732263,0.16532797858099063,0.02744310575635877,1400605001001
0.0,0.0,0.8763250883392226,0.01060070671378092,0.10247349823321555,0.01060070671378092,1400704001001
0.0,0.0,0.9084604715672677,0.0,0.077207582061951,0.014331946370781322,1500107003001
0.0,0.0,0.8721098265895953,0.0,0.10946531791907514,0.01842485549132948,1500107003002
0.0,0.0,0.9434250764525994,0.0,0.046636085626911315,0.009938837920489297,1500107003003
0.0,0.0,0.8119972018188177,0.007170339279468346,0.14393144456103532,0.03690101434067856,1500107003004
0.0,0.0,0.7480205584108904,0.014029726350882068,0.183636616196694,0.054313099041533544,1500107003005
0.0,0.0,0.8067954696868754,0.008660892738174551,0.1492338441039307,0.03530979347101932,1500131001001
0.0,0.0,0.9236694677871149,0.0,0.06582633053221289,0.01050420168067227,1500206003001
0.0,0.0,0.884765625,0.0009765625,0.09342447916666667,0.020833333333333332,1500206003002
0.2085603112840467,0.024124513618677044,0.6840466926070039,0.004928664072632944,0.06926070038910506,0.009079118028534372,1500305001001
0.0,0.0,0.9010447466982062,0.0,0.08121427163414154,0.017740981667652277,1500347001001
0.0,0.0,0.8102902374670184,0.004485488126649077,0.14881266490765171,0.03641160949868074,1500404003001
0.0,0.0,0.9192546583850931,0.001129305477131564,0.07114624505928854,0.00846979107848673,1500404003002
0.060581083865650115,0.0030908716257984753,0.7391304347826086,0.03420564599216979,0.10158664743457656,0.06140531629919637,1500503001001
0.1724461105904405,0.0021087160262417996,0.700328022492971,0.0011715089034676663,0.11082474226804123,0.013120899718837863,1500602003001
0.0,0.0,0.8333333333333334,0.0020920502092050207,0.1304044630404463,0.03417015341701534,1500602003002
0.20938066856698626,0.013734128012438455,0.6366934438973827,0.001295672454003628,0.11609225187872506,0.02280383519046385,1500602003003
0.0,0.0,0.6773913043478261,0.00391304347826087,0.25,0.06869565217391305,1500602003004
0.05341082053410821,0.0042894700428947,0.6918500069185001,0.008994050089940501,0.18929016189290163,0.05216549052165491,1500602003005
0.0,0.0,0.9178307313064914,0.00657354149548069,0.0628594905505341,0.012736236647493838,1500701001001
0.18910880935288688,0.30648138652445905,0.38529381601886986,0.03276587016716234,0.07158240180494309,0.014767716131678802,1500800005001
0.23081463990554899,0.2595926800472255,0.42429161747343563,0.0008116883116883117,0.07371605667060213,0.01077331759149941,1500800005002
0.14731355252606254,0.13159582999198075,0.4924619085805934,0.021411387329591018,0.1566158781074579,0.050601443464314354,1500800005003
0.002103049421661409,0.01149166291122127,0.5291422562715938,0.022006910019528318,0.32003905663211657,0.11521706474387862,1500800005004
0.1157160089608823,0.15181802515940032,0.3642081681888678,0.11382043770463553,0.16569016026193348,0.08874719972428055,1500800005005
0.058383233532934134,0.2158183632734531,0.4281437125748503,0.021872920825016632,0.18995342648037258,0.08582834331337326,1500800005006
0.1777542545395326,0.13907662242488397,0.5360312678120674,0.005129875417311294,0.11391580490188095,0.028092174904323752,1500800005007
0.2185660591447415,0.1592085667683143,0.4697539181618325,0.014963477767534218,0.10389334089780866,0.03361463725976881,1500800005008
0.13259874374534228,0.3588842755243266,0.42329394229745554,0.0007984669434685404,0.0724475673373789,0.011977004152028107,1500800005009
0.35021818610685224,0.08409010496520816,0.4760584974643236,0.004540629791248968,0.07459606085623305,0.010496520816133979,1500800005010
0.32974740283710385,0.14728682170542637,0.40252069820176134,0.025997996097663872,0.08115804461319412,0.013289036544850499,1500800005011
0.23008536944362673,0.25805122166617606,0.41336473358846043,0.0009420076538121872,0.08584044745363556,0.011716220194289079,1500800005012
0.1705348133198789,0.31180625630676084,0.46229397914564413,0.00013454423141607804,0.04843592330978809,0.006794483686511941,1500800005013
0.0,0.0,0.8748753738783649,0.0004985044865403788,0.1061814556331007,0.018444666001994018,1500859001001
0.0,0.0,0.8596892138939671,0.0,0.12294332723948811,0.01736745886654479,1500909003001
0.0,0.0,0.9473094170403588,0.0,0.04596412556053812,0.006726457399103139,1500909003002
0.0,0.0,0.9067017082785808,0.0,0.07982917214191852,0.013469119579500657,1500958001001
0.0,0.0,0.9225496915695682,0.0,0.067854694996573,0.009595613433858808,1501006001001
0.0,0.0,0.8468992248062015,0.001937984496124031,0.11434108527131782,0.03682170542635659,1501105001001
0.0,0.0,0.9205536594615092,0.0007584376185058779,0.06655290102389079,0.012135001896094046,1501204001001
0.0,0.0,0.8333333333333334,0.0,0.14476885644768855,0.021897810218978103,1501253001001
0.054978962131837304,0.004067321178120617,0.6768583450210379,0.011921458625525946,0.1826086956521739,0.06956521739130435,1501303003001
0.03155948765350588,0.0006602403274792025,0.788062854879176,0.004885778423346098,0.14683744883137462,0.027994189885118183,1501303003002
0.0,0.0,0.8028004667444574,0.000833472245374229,0.16219369894982497,0.03417236206034339,1501303003003
0.0009675338636852289,0.060954633412169425,0.18974414104493656,0.14061492152225327,0.28972264029241024,0.3179961298645453,1501402005001
0.0,0.0,0.29925859357447765,0.06144686587283756,0.30611098629521455,0.3331835542574702,1501402005002
0.05890525145873854,0.35739094192831344,0.41469852736871354,0.00757154765212559,0.1176021116976938,0.043831619894415114,1501402005003
0.07939418636240152,0.3837272480304265,0.4041700624830209,0.00876120619396903,0.09386036403151318,0.03008693289866884,1501402005004
0.1258474849874088,0.40291857687092403,0.40763220765803576,0.005940466197455931,0.04649060502356815,0.011170659262607349,1501402005005
0.05133514986376022,0.012425068119891008,0.5719891008174387,0.012425068119891008,0.24021798365122615,0.11160762942779291,1501402005006
0.06303608998219777,0.23644602686518854,0.3926201650752549,0.00347952743162324,0.1989804175432918,0.10543777310244376,1501402005007
0.11872594158049664,0.2257528870103404,0.4197297909276172,0.03313457619442977,0.1481621254434297,0.05449467884368631,1501402005008
0.1233398264565256,0.13830352399504162,0.37896228085709227,0.07942270231981584,0.19771560120417922,0.08225606516734549,1501402005009
0.06597308232185617,0.22384609033110395,0.49731648914210225,0.01907356948228883,0.1362397820163488,0.05755098670630006,1501402005010
0.02720114531138153,0.08211473565804274,0.44984149708559157,0.06074240719910011,0.2459351671950097,0.13416504755087433,1501402005011
0.015699596033786265,0.2210796915167095,0.47511935365405805,0.032959970620639004,0.1770106500183621,0.0781307381564451,1501402005012
0.06933901129420478,0.19561192371783004,0.2836511757082022,0.04332531012775412,0.2511571931123866,0.1569153860396223,1501402005013
0.11105350476980506,0.04832019908751555,0.34995852343425965,0.03235172127747823,0.26119867274989633,0.1971173786810452,1501402005014
0.0,0.0,0.1179667157251217,0.10913619381863467,0.32231404958677684,0.45058304086946677,1501402005015
0.0025150355385456535,0.060798250410060144,0.2562055768179333,0.06484417714598141,0.30420995079278296,0.3114270092946966,1501402005016
0.07303154160561424,0.28024986504202976,0.3299915169275854,0.022518701318732168,0.1568597208297987,0.13734865427623968,1501402005017
0.11440077559847864,0.264523827280185,0.37832798866432993,0.03296293534193452,0.1372958460735327,0.07248862704153926,1501402005018
0.09848720662391833,0.42364440017431365,0.39513166905310343,0.0045446056153894045,0.0626284006723526,0.015563717860922617,1501402005019
0.08359923420548819,0.40376515634971283,0.38921506062539885,0.009444798978940652,0.08602425015954053,0.027951499680918954,1501402005020
0.13427881713940856,0.37018708509354253,0.3584188292094146,0.015992757996378996,0.08829209414604708,0.03283041641520821,1501402005021
0.12010050251256281,0.4045226130653266,0.383856783919598,0.005087939698492462,0.06915829145728643,0.017273869346733667,1501402005022
0.23833467417538215,0.2904263877715205,0.3990345937248592,0.004961115580584607,0.052695092518101366,0.014548136229552158,1501402005023
0.28319487947705296,0.223069590085796,0.41386354351082666,0.0019065776930409914,0.06393844477733897,0.014026964455944436,1501402005024
0.16837179792211912,0.1998572448251249,0.45649932587834086,0.015385835514315173,0.1192005710206995,0.04068522483940043,1501402005025
0.06120559990743955,0.011338655559412242,0.656600717343515,0.04975124378109453,0.1754020594700914,0.0457017239384473,1501402005026
0.24655312246553124,0.03927702467848453,0.6091993975205654,0.0003475842891901286,0.08179816938941027,0.022824701656818446,1501402005027
0.3090600610790635,0.1974889718357652,0.4160162877502545,0.00013573125212080082,0.048931116389548696,0.02836783169324737,1501402005028
0.15950597818946263,0.27611351990540006,0.3932466167389305,0.056891341479437654,0.09374589410064381,0.020496649586125345,1501402005029
0.24721995350882703,0.22391154111955772,0.4446817867688635,0.0034554250172771253,0.06106678394169755,0.019664509643777094,1501402005030
0.15537983238713166,0.29967558799675587,0.3795620437956204,0.05697485806974858,0.08826709921600433,0.02014057853473912,1501402005031
0.1082959071265147,0.1656639267858656,0.40250826201169393,0.09439877976442675,0.1548173883569189,0.07431573595458012,1501402005032
0.20533894851243037,0.2481320472761853,0.4543540279853281,0.0065887786985463935,0.07206901236245075,0.013517185165059096,1501402005033
0.03534343145660665,0.1487091549966657,0.48309040678289034,0.049156901971992,0.21044107840335333,0.07325902638849195,1501402005034
0.17180724862963265,0.1743434508713082,0.470260983391966,0.028961793340423793,0.1248466006708664,0.029779923095802994,1501402005035
0.3262781930021827,0.14769495336993188,0.4491037767048085,0.0026456776241814933,0.061908856405846945,0.012368542893048482,1501402005036
0.21739808246940526,0.17795619300023385,0.468469872944111,0.04934133603554447,0.07436277184503859,0.012471743705666848,1501402005037
0.21007919366450684,0.19409647228221744,0.471130309575234,0.01353491720662347,0.0951043916486681,0.01605471562275018,1501402005038
0.25466438712554823,0.17059391957184272,0.4563294432468594,0.0019326544265219653,0.09640972273842266,0.020069872890805026,1501402005039
0.2274173027989822,0.13008905852417302,0.5298187022900763,0.0015108142493638677,0.09223918575063614,0.018924936386768447,1501402005040
0.22845427819897882,0.11411109391923255,0.49883954819743154,0.015859507968435712,0.10544638712672133,0.03728918458920006,1501402005041
0.28032761551537627,0.14804512440117448,0.45796631123473963,0.0015453562046051615,0.09048060577963221,0.02163498686447226,1501402005042
0.0,0.0,0.6591327201051248,0.004204993429697766,0.25203679369250986,0.08462549277266754,1501402005043
0.0,0.0,0.7428571428571429,0.001287001287001287,0.18558558558558558,0.07027027027027027,1501402005044
0.0,0.0,0.8389261744966443,0.002065049044914817,0.13164687661331956,0.027361899845121322,1501451001001
0.03102694828841952,0.0016023306627822287,0.7679533867443554,0.002767662053896577,0.16052439912600144,0.03612527312454479,1501501002001
0.0,0.0,0.8518667201926937,0.0006021678040947411,0.1172219991971096,0.030309112806101966,1501501002002
0.0,0.0,0.7776067718353212,0.0,0.18507118122354752,0.037322046941131205,1501576001001
0.0,0.0,0.8542222222222222,0.0,0.1288888888888889,0.016888888888888887,1501600001001
0.0,0.0,0.8378550909671242,0.0006383657835939994,0.13629109479731885,0.025215448451962975,1501709003001
0.0,0.0,0.8515397082658023,0.0006482982171799027,0.11961102106969206,0.02820097244732577,1501709003002
0.0,0.0,0.8036418246667918,0.00018772292096865028,0.15918903698141543,0.0369814154308241,1501709003003
0.0,0.0,0.8184853543785097,0.009257853999089391,0.13385946274093186,0.038397328881469114,1501709003004
0.0,0.0,0.8326446280991735,0.0,0.15013774104683195,0.01721763085399449,1501725001001
0.0,0.0,0.8333333333333334,0.0,0.1388888888888889,0.027777777777777776,1501758001001
0.0,0.0,0.8560327198364008,0.0057259713701431495,0.11349693251533742,0.02474437627811861,1501782003001
0.0,0.0,0.8939808481532148,0.0,0.08755129958960328,0.018467852257181942,1501782003002
